Sensor-21;471.57063239418034;45.53894305708456;270.689567912643;359.5127406820736;225.56436899284438;Error;
Sensor-401;204.95165196989402;169.56624525091345;205.38951479901036;293.16761772204853;2.67292608196118;75.60427118061148;287.7038272010987;158.14198754274133;237.2019886819525;247.1168118348469;345.35300320845266;237.88494541280747;
Sensor-504;261.6126889219159;3.038224028762637;96.51123348199775;466.1403502438517;244.01481707389445;273.7256322696083;387.92211138663544;237.11299328683222;436.7564056018554;4.042288311476405;104.69506889137803;166.67238733043854;106.36971157594726;
Sensor-222;112.98780150140814;27.131118165749534;274.9468132537704;267.5467882588298;66.35279162000396;162.88449156436513;277.4677816703335;
Sensor-200;433.7752788848209;72.4054205505677;62.386740929445125;215.568173343456;26.303367459869165;143.0183297091355;254.19385242013098;79.94755233006245;221.31860714086983;393.4800068030605;287.3998720039003;447.1677186395698;434.11224336690157;
Sensor-236;Error;173.17018185980015;474.2499801808512;349.91603557461605;142.0839367418671;60.47197575137852;455.8966359665188;86.34633354131877;258.8768348583143;463.2596310221773;
Sensor-651;345.1415232855682;295.4929658389259;391.87563625405505;390.5555044951805;284.5612939424241;
Sensor-692;429.4146346525033;308.1721413158221;282.1127668814918;206.33095949637203;143.53729051338726;279.0068099069057;414.9916249792316;356.67395739587056;262.65250911091204;347.51490870595745;336.04133283746035;250.06808288103628;443.84491863442554;387.2061386864426;5.714854653050994;
Sensor-976;138.39565639204292;363.8666335745393;270.2159033755441;225.82066176758707;194.4858451168634;435.8615551718504;111.15882253888948;442.780471259951;Error;239.88745486917568;
Sensor-437;293.662497486501;391.0730317991809;343.3134763853913;309.1616037619643;144.9576833792322;129.43758938929057;341.0012812336157;421.87725707618546;47.063496620002866;390.92439116809436;192.95476360309343;256.7268887385043;
Sensor-801;301.27690519030165;379.4550176062976;171.91449609904015;419.9540870330709;398.26043778224994;278.2810684201685;
Sensor-4;209.31840911580218;193.23666340602492;60.45153298461076;84.85434270445747;188.40437336705517;310.7693275376156;102.1770388919903;449.05702552050565;349.0732003151767;430.36231281440973;101.42891169580686;
Sensor-485;432.154091621053;267.4308466045062;119.79106778449011;149.13985532189557;133.32514933489182;225.46195692646253;2.292152497256561;454.33129442635;221.46827514591084;340.8546471357383;442.81292568231254;374.7946745843026;Error;289.9350576970933;302.6053621774021;
Sensor-166;23.432794740244233;293.2458662191572;291.83083221947913;200.2438461909159;62.38831863855132;
Sensor-266;153.38402612305185;353.12533449253976;47.322584113924094;163.97472688145248;396.15706040811256;315.54865920882014;464.1761680555709;113.41158955305286;Error;298.99748675662113;460.4533410168278;
Sensor-515;32.97021654711085;356.0848964546469;273.37734657325836;128.2202853452682;446.5596649069577;84.43221089724939;126.01203206010575;
Sensor-209;471.67904098464845;356.1800097962177;160.30890857549747;315.09360247931653;375.5732108693368;321.3096582169799;328.24912888403924;258.3858081571676;80.83051785979589;473.69118361356885;
Sensor-332;163.96170523358927;475.9840466647038;116.77199613292993;121.90137655259502;146.0570127295763;46.08134729247021;45.44133660285882;92.9942067940704;239.4952145896469;142.65229622742442;215.1470295454841;406.94768786442785;270.41391086029097;236.76239020914824;
Sensor-996;300.31606493284517;397.20858742428993;467.1758563273038;452.02063551085394;298.2520041550188;
Sensor-620;143.3425413096292;450.25649111818814;421.5151392646013;159.84285558337675;468.5381802735783;303.44649468919647;415.4466606830303;300.2719159509268;
Sensor-825;15.391489226560806;267.03263856537524;212.6446232294507;262.56172700542976;391.1136838117899;224.65224361876602;83.63631987601849;441.8633295372136;
Sensor-490;462.15211213197074;2.0864032854268078;101.34916120151527;65.74619983391806;145.74983631654976;443.27494061947306;431.19403697433694;429.91718381405514;128.34533240298472;49.08078608333666;
Sensor-914;198.94274123737742;21.304561985676095;241.8266139938971;3.092151203954896;285.6543837257114;209.2040123291266;247.69765529610237;451.55811436937967;
Sensor-521;90.30194411982062;323.9425712114535;232.7765355723897;441.3918949455296;396.31884805089595;213.41564561109323;300.866622389512;247.43609287546903;430.7029300380039;254.47611864531777;87.0453080803813;
Sensor-109;373.6417900344857;212.06457892905317;414.83861596691906;403.55226264795783;155.82139858674714;29.279051184223526;256.7061521893664;231.2660573262002;189.60969813789853;220.04644629726877;18.042025401536822;466.3320101171483;439.4120205192622;437.10776122464125;
Sensor-717;226.0741188899107;296.335807670311;297.21727412900816;432.65556754265236;471.2055887973191;118.06065801833616;477.2217372671656;246.87366995978488;25.982505189353912;
Sensor-223;448.7479918350397;1.8341767809789133;42.898840865642164;403.5794151419083;417.5132670080598;466.66234375219216;
Sensor-454;42.56238565319781;77.71873068172785;110.64521639313307;193.95783671051436;414.16790112216734;413.9402960528647;
Sensor-483;238.59880875535956;242.029807874099;331.19687005988374;450.06033611391496;108.07933947316906;142.34962480338754;272.5020457816515;147.5723024459787;315.2666990355665;461.3165804097269;447.8961420682938;273.2956349308649;18.282429874741823;94.34629978049492;370.95205544020604;
Sensor-456;111.04962043584537;318.49698325009035;302.419660074819;347.99140167845337;314.444576177447;422.76394266498323;467.6513974141824;15.012664835684863;397.561168004277;114.73256058303083;267.6332790597329;138.3760279294285;473.5294643261199;188.91771376643558;
Sensor-730;79.71508306019953;403.29779265201233;273.24243675155276;388.49855657646674;290.31470941334294;29.186226474396005;340.034871152077;321.7552124278401;235.06642714467918;416.57122737055874;156.80555876737924;273.91018142788306;66.07755860773923;170.96873866646595;Error;
Sensor-459;Error;266.3760140424415;Error;335.00100113233265;332.37320415101715;199.13457857075173;
Sensor-270;278.4867576558754;62.137281374574194;294.57922006023546;404.715768418111;199.3732277089349;84.14122499991633;79.85213611772623;14.460542505284002;291.2012271196203;
Sensor-455;288.4562246476078;342.1927647803405;172.01097580263286;88.27834089098613;227.73837779055995;3.9973452647341645;
Sensor-635;157.3947085218575;295.5065094456017;172.62159200654992;251.00458680037724;388.17547001199796;145.98791746096617;18.309045560712722;
Sensor-942;166.00206780645348;259.25839806488364;48.867085238087526;157.5693167549857;349.6418127571103;80.17332302137531;469.27405139194366;279.4312666902869;97.06770144675458;371.8874668735454;104.3866155445885;370.29018946549894;201.2804133914115;302.5345214929666;
Sensor-284;470.7307956394392;363.57542326142845;68.93141760077431;435.0338218305092;326.34559307887196;298.05794021780986;
Sensor-673;438.0587926681345;24.38112688098143;97.5238889110187;172.30693696721633;370.8967141905911;447.3473005107035;112.69870840184615;141.9375759890517;384.2565046357644;47.325095552431975;388.49979343007493;246.9653972157812;160.7805718269334;
Sensor-682;389.06073336778655;422.0142617965976;240.88224274184816;33.65265717277666;178.00556658723988;452.1343457044972;
Sensor-322;118.27277628454908;171.65588985910406;271.4980492069729;211.62016781727237;204.4471467794448;323.28487546626286;312.36178517405216;46.29776914241529;473.6252416435948;
Sensor-772;91.76688154285966;469.27656967472205;464.8330696469394;461.44831807058733;333.74094426381345;176.81410631510647;
Sensor-516;443.48414461792134;155.9862700694452;405.2975206779285;19.35574946380858;311.96008131641247;216.69987397795342;335.6359500974497;225.01624478930597;355.45236086135634;
Sensor-127;74.51260764075529;460.2944219092044;247.6730813567667;0.7486706048854264;134.63300935329409;415.9977083583399;379.7051649578333;62.4793495570336;259.3403633585018;263.8749627835357;49.56949279937628;
Sensor-934;326.3433393531;270.9658043037919;155.5912463088353;15.370414740053462;263.60752963806067;390.3395469256384;194.37109105782758;313.699639606099;262.11815894018054;460.7023714219811;1.6270576857709274;461.3450191793596;19.290061537710457;258.36384893717343;310.13238568356564;
Sensor-151;465.75979656739054;180.9473879648834;197.40237144762347;231.89295433662178;470.5963188854704;430.38297377214167;157.80134605050344;
Sensor-270;217.48570457856226;339.8911415493874;124.74770582528633;465.87081540188956;94.16803571571386;41.217379126473;382.5443689294252;362.0740738858435;173.02021305039622;263.94157776333805;
Sensor-596;144.95155737862632;22.590958664317263;165.00374382499945;456.467168838997;457.9082582605439;415.17317798277327;457.29195867305657;Error;375.6261339357174;107.80582267356465;63.41386255099757;225.37772960621865;
Sensor-449;363.5676667534318;399.1236029707899;232.37991041885482;264.69270082013753;178.1971986948293;326.01457726995943;161.02411328704235;44.65121289673846;
Sensor-994;458.7725955505358;309.71116807218294;135.71035856933815;399.5227952583777;376.6063662375113;185.01363930614173;142.82700063837396;368.2969769087843;73.98690972044348;367.0672349200671;189.6766271463718;
Sensor-997;338.027204264113;114.86722351406587;275.4501731352541;232.88597083799235;157.5297565053469;0.557630864901848;
Sensor-316;28.628509447667927;149.7668968444612;287.7611351722016;211.35304541424378;319.8896848286873;202.72970200880292;371.13471775870954;226.16124025465584;279.7588458462734;
Sensor-437;59.927508013692844;434.82826298740906;0.6715241745191003;63.21553085042614;154.2504174520649;354.66892648132267;
Sensor-960;275.6427899616562;243.7005449838099;239.61642052527787;228.02381075696076;307.84658130900925;Error;131.96741605920542;295.4307337456213;476.55976560394583;360.60163952503615;134.3104018212262;Error;312.2159519507683;469.0340623764385;329.97948680332996;
Sensor-636;105.19013738658911;355.01423745181387;162.89646134954071;338.64301143404174;409.1637982659394;
Sensor-463;38.54426784728998;387.5173044783217;257.936096656407;415.4662903935987;19.48311814740339;469.7959024051291;165.93766939763327;468.0032935041056;363.30016966455975;146.15214593959536;311.3531656244232;286.3727751076192;112.75752686776657;219.61563188902767;438.48260264595706;
Sensor-104;131.37691392658968;274.08322735708805;305.71893955620294;457.57387710070174;243.30131339169313;361.0137923991993;472.4613339471679;183.6366151598821;342.16006169561655;
Sensor-539;474.37621134249616;79.29015833291608;115.65386394112498;109.33265867232095;56.23825319802539;445.0721573846774;61.810938882327584;64.81178306351853;407.61069023750315;
Sensor-263;172.88865676441733;278.1102963562488;215.36251765031656;133.83994285687945;442.65141180154836;321.74631947547897;
Sensor-754;339.8683507505723;373.0586854915091;Error;178.85928939919404;432.5295251947332;182.25764199053424;185.30043436123506;
Sensor-988;15.705536015448718;123.36673417270855;189.5016764050244;316.8020407200828;37.0157164162816;150.1381243079874;
Sensor-596;16.260243416884368;300.36155458797134;286.7553076220018;444.2885914549727;211.1301196862973;77.82728427983298;53.72721250175982;72.55819454227297;147.34889612421753;369.6385922734235;467.62444376585194;307.1649540648235;329.84144246631826;234.82904618395932;
Sensor-251;229.40976240598977;46.93788373977331;194.72549651643521;164.44976286443176;87.75664444734905;140.41583776840295;87.82098770571811;304.8589739818639;311.9366341743333;
Sensor-537;173.67897453073599;449.7730092426677;380.9055979853654;275.44008189760825;427.8156493855964;
Sensor-248;155.64284855476902;451.29944973428064;440.76321886860916;106.32615917429716;141.39673042393096;204.5724069146051;465.1222577551004;15.101287094503258;248.09939760611155;278.50076185752016;130.7695285087238;
Sensor-703;63.690208588924214;248.47090601189797;52.386741914051846;266.7214199857725;369.08427035707666;
Sensor-569;223.13986157517618;92.2402400970127;0.2255281157343414;197.15721293653044;320.3312984906288;172.9378186201232;326.3374357767997;316.356695924685;33.133269323636526;50.540083227391285;71.43590651615;12.873961225996267;345.9299117325746;386.9882878227569;369.9123916056357;
Sensor-800;239.00488448724417;400.9804989953531;313.7633128887293;180.10130955034143;241.26905058402477;46.073996606063375;117.47382013645752;143.3392993433396;359.80595858566204;170.52294384966666;365.1725362593833;
Sensor-997;348.9765878416353;130.27066485609328;44.21488609242053;430.9832059527913;455.7427344537529;57.84770084336355;106.07905574352905;
Sensor-439;370.4818449390837;290.5257781702274;100.43063438166055;176.86407571821084;344.65789219672945;
Sensor-164;338.1165078718739;18.611342217624117;211.8353872617947;208.19227920201521;324.5497734627819;83.75817011551322;296.01905117828795;230.91360195341798;317.1597643814576;437.9135053102925;418.3940058325939;68.06599383010636;18.981295538084588;
Sensor-789;428.9521845454224;440.26022081171254;179.6661445091148;375.79899446942056;291.7417523440541;188.5216094878199;390.8101076140848;34.23235684094661;96.09996066072102;94.11985311062499;