5.14620955291133
10.763009330297018
98.4115437904973
58.880600057905525
141.9788295709068
78.03908874714476
54.55921031212598
37.523122791110914
2.959570497158015
61.223821338003546
73.87926899277622
53.710461806348526
28.57506416840842
28.986180161453735
25.604755043153986
28.851846347095616
13.576135160618774
85.48824297709768
41.93874042065215
108.62064807145644
149.8195736823951
33.47988170400403
28.084580483869985
50.62221196265088
142.76903604249483
128.67246433135068
35.219140067690105
135.52248712383303
0.9737678110439574
106.06734307061643
66.79613134846007
80.91788031945646
14.368331573739734
18.48115443865482
143.40380944999285
22.680048274191577
59.08973663458792
91.11491949586042
58.473575961397
142.45313068478242
16.379888425456958
36.44333514248723
18.77123531253303
21.5115678251724
131.99797260741266
129.1957093343006
35.83509199912988
134.7186772055768
41.74330529318302
118.68749303167795
71.67845991832031
67.40863319418631
53.1619301659196
101.85061360329698
147.60661619959873
147.25164119393068
14.716772682460633
66.4445526875615
114.3255571406084
84.31642109930057
113.1863197928091
2.6936107564915215
11.282634399901614
21.752550812751025
115.71841738516201
90.41650343296087
60.22517022134167
42.34218470695746
51.0460964309977
67.53140828361308
126.1037667611154
43.44675945049031
64.01500799166648
86.54154321458176
90.353937826638
70.98655908534113
86.16858888280841
4.1005059409655376
27.721787097782336
139.1003006052524
99.4545029578729
53.29374859439522
60.56965809364838
140.97813927264096
61.26104890643051
148.9093309354063
24.520301566646168
1.0728305455598053
69.91526506635942
122.31291398672552
72.42787319958929
142.53647388492135
138.25921055142658
18.176543887169704
27.59122633540127
6.976553173675554
72.74105409790378
43.0635467419319
98.9423431708056
21.6160905159396
